using System;
using System.Collections.Generic;
using System.Linq;
using System.Threading.Tasks;
using NoFuture.Shared.Core;
using NoFuture.Util.Core.Math;
using NoFuture.Util.Core.Math.Matrix;
using NUnit.Framework;

namespace NoFuture.Util.Core.Tests
{
    [TestFixture]
    public class MatrixTests
    {
        [Test]
        public void TestAreEqual()
        {
            var typicalMatrix = new[,]
            {
                {2D, 2D},
                {2D, -1D}
            };

            Assert.IsTrue(MatrixOps.AreEqual(typicalMatrix, typicalMatrix));

        }

        [Test]
        public void TestEigenvalueExpression()
        {
            var typicalMatrix = new[,]
            {
                {2D, 2D},
                {2D, -1D}
            };
            var eigenvalueExpression = MatrixExpressions.EigenvalueExpression(2);

            var eigenvalueFunc = eigenvalueExpression.Compile();
            Console.WriteLine(eigenvalueExpression.ToString());
            var myEigenvalues = new List<double>();
            for (var i = 10; i >= -10; i--)
            {
                if (eigenvalueFunc(typicalMatrix, i).Equals(0D))
                    myEigenvalues.Add(i);
            }

            foreach (var eigenVal in myEigenvalues)
            {
                Console.WriteLine(eigenVal);
            }

            Assert.AreNotEqual(0, myEigenvalues.Count);
            Assert.AreEqual(3, myEigenvalues[0]);
            Assert.AreEqual(-2, myEigenvalues[1]);
        }

        [Test]
        public void TestEigenVector3X3()
        {
            var eigenvalueExpression = MatrixExpressions.EigenvalueExpression(3);

            var eigenvalueFunc = eigenvalueExpression.Compile();
            Console.WriteLine(eigenvalueExpression.ToString());
            var myEigenvalues = new List<double>();

            var threeByThree = new[,]
            {
                {-1D, 2D, 2D},
                {2D, 2D, -1D},
                {2D, -1D, 2D}
            };
            myEigenvalues = new List<double>();
            for (var i = 10; i >= -10; i--)
            {
                if (eigenvalueFunc(threeByThree, i).Equals(0D))
                    myEigenvalues.Add(i);
            }
            foreach (var eigenVal in myEigenvalues)
            {
                Console.WriteLine(eigenVal);
            }
        }

        [Test]
        public void TestEigenVectors()
        {
            var typicalMatrix = new[,]
            {
                {0.8D, 0.3D},
                {0.2D, 0.7D}
            };

            var eigenval00 = 1D;
            //var eigenval01 = 0.5D;
            //pg 326 Dx = rx (where 'x' is a nX1 matrix, 'n' being dim's of D so for a 3x3 matrix the eigenvector is 3x1)

            //(D -rI)x = 0
            //so all the eigenvalues do is get you closer to guessing what 'x' is

            //this is the property of eigenvectors that is being sought
            //https://www.khanacademy.org/math/linear-algebra/alternate_bases/eigen_everything/v/linear-algebra-introduction-to-eigenvalues-and-eigenvectors
            // " the line that they span will not change" its just extended in the same direction
            var really = MatrixOps.Product(typicalMatrix, new double[,] { { 0.6D }, { 0.4D } });
            Console.WriteLine(really.Print());//yep, this really is the {{0.6D}, {0.4D}}

            typicalMatrix = new[,]
            {
                {2D, 2D},
                {2D, -1D}
            };
            eigenval00 = 3D;
            //eigenval01 = -2D;

            //so you get this matrix
            var usedToGuessEigenVector = MatrixOps.Difference(typicalMatrix,
                MatrixOps.Product(MatrixOps.GetIdentity(typicalMatrix.GetLongLength(0)), eigenval00));

            //then you simply have to try various 2x1 matricies which when taken time 'usedToGuessEigenVector' 
            //  result in a 2x1 matrix of zeros
        }

        [Test]
        public void TestToleranceEqualityOps()
        {
            var dbl1 = 5.675D;
            var dbl2 = 5.67468923D;

            var equalityOpWithThreshold = System.Math.Abs(dbl1 - dbl2) < 0.01;

            Assert.IsTrue(equalityOpWithThreshold);
        }

        [Test]
        public void TestCofactor()
        {
            var testInput = new double[,]
            {
                {2, 1},
                {1, 2}
            };
            var testResult = testInput.Cofactor();
            var expect = new double[,]
            {
                {2, -1},
                {-1, 2}
            };
            Assert.IsTrue(MatrixOps.AreEqual(expect, testResult));

            testInput = new double[,]
            {
                {2, 1, 13, 4},
                {4, 5, 14, 7},
                {7, 12, 9, 10},
                {11, 8, 3, 6},
            };
            testResult = testInput.Cofactor();
            expect = new double[,]
            {
                {-20, -502, -224, 818},
                {16, 620, 252, -982},
                {13, -247, -91, 351},
                {-27, 23, 7, -15}
            };
            Assert.IsTrue(MatrixOps.AreEqual(expect, testResult));

        }

        [Test]
        public void TestPerformance_Cofactor()
        {
            var testInput = new[,]
            {
                {
                    97.418396137986, 3.40651226544868, -17.0697313630349, 4.18423521542488, -6.32399747806094,
                    -25.4092733216091, 3.20579525699219, 6.73063972661051, -5.16467870714877, -6.96008775118052
                },
                {
                    3.40651226544868, 113.505735745414, 16.4033774812258, -3.86903748868356, 8.75250122903815,
                    -3.30474753757298, 7.68694549468861, 1.49722630651441, 5.06944661668959, -4.73241157167048
                },
                {
                    -17.0697313630349, 16.4033774812258, 78.9323619550698, -6.848424299473, 13.3954431395863,
                    11.9874843367797, -2.14743991631947, -10.5157502882462, 5.15232310352067, 5.42715572700512
                },
                {
                    4.18423521542488, -3.86903748868356, -6.848424299473, 95.7916362934071, -11.5144020370596,
                    12.4488884786246, -6.27419139571689, 14.4105686428956, -7.94837130774331, -13.5653060135102
                },
                {
                    -6.32399747806094, 8.75250122903815, 13.3954431395863, -11.5144020370596, 118.775917531215,
                    2.09217044619191, 8.3634719006863, 20.2864897980169, 16.3966731491597, -7.5086811180655
                },
                {
                    -25.4092733216091, -3.30474753757298, 11.9874843367797, 12.4488884786246, 2.09217044619191,
                    95.3074494442806, 4.74287171305011, 15.5588724571477, -13.1513476357389, -10.3086204444777
                },
                {
                    3.20579525699219, 7.68694549468861, -2.14743991631947, -6.27419139571689, 8.3634719006863,
                    4.74287171305011, 114.921085460961, 10.959828183008, 33.7744841412645, 0.191122258156367
                },
                {
                    6.73063972661051, 1.49722630651441, -10.5157502882462, 14.4105686428956, 20.2864897980169,
                    15.5588724571477, 10.959828183008, 95.2513098133505, 9.88735406142887, -7.72530224406067
                },
                {
                    -5.16467870714877, 5.06944661668959, 5.15232310352067, -7.94837130774331, 16.3966731491597,
                    -13.1513476357389, 33.7744841412645, 9.88735406142887, 94.9216175004985, 7.92004851899833
                },
                {
                    -6.96008775118052, -4.73241157167048, 5.42715572700512, -13.5653060135102, -7.5086811180655,
                    -10.3086204444777, 0.191122258156367, -7.72530224406067, 7.92004851899833, 85.66047052459
                }
            };

            //var testResult = testInput.Cofactor();
            var testAsync = new CofactorSupervisor(testInput);
            var testResult = testAsync.CalcCofactor();

            Console.WriteLine(testResult.Print());
        }

        [Test]
        public void TestPerformance_Inverse()
        {
            var testInput = new[,]
{
                {
                    97.418396137986, 3.40651226544868, -17.0697313630349, 4.18423521542488, -6.32399747806094,
                    -25.4092733216091, 3.20579525699219, 6.73063972661051, -5.16467870714877, -6.96008775118052
                },
                {
                    3.40651226544868, 113.505735745414, 16.4033774812258, -3.86903748868356, 8.75250122903815,
                    -3.30474753757298, 7.68694549468861, 1.49722630651441, 5.06944661668959, -4.73241157167048
                },
                {
                    -17.0697313630349, 16.4033774812258, 78.9323619550698, -6.848424299473, 13.3954431395863,
                    11.9874843367797, -2.14743991631947, -10.5157502882462, 5.15232310352067, 5.42715572700512
                },
                {
                    4.18423521542488, -3.86903748868356, -6.848424299473, 95.7916362934071, -11.5144020370596,
                    12.4488884786246, -6.27419139571689, 14.4105686428956, -7.94837130774331, -13.5653060135102
                },
                {
                    -6.32399747806094, 8.75250122903815, 13.3954431395863, -11.5144020370596, 118.775917531215,
                    2.09217044619191, 8.3634719006863, 20.2864897980169, 16.3966731491597, -7.5086811180655
                },
                {
                    -25.4092733216091, -3.30474753757298, 11.9874843367797, 12.4488884786246, 2.09217044619191,
                    95.3074494442806, 4.74287171305011, 15.5588724571477, -13.1513476357389, -10.3086204444777
                },
                {
                    3.20579525699219, 7.68694549468861, -2.14743991631947, -6.27419139571689, 8.3634719006863,
                    4.74287171305011, 114.921085460961, 10.959828183008, 33.7744841412645, 0.191122258156367
                },
                {
                    6.73063972661051, 1.49722630651441, -10.5157502882462, 14.4105686428956, 20.2864897980169,
                    15.5588724571477, 10.959828183008, 95.2513098133505, 9.88735406142887, -7.72530224406067
                },
                {
                    -5.16467870714877, 5.06944661668959, 5.15232310352067, -7.94837130774331, 16.3966731491597,
                    -13.1513476357389, 33.7744841412645, 9.88735406142887, 94.9216175004985, 7.92004851899833
                },
                {
                    -6.96008775118052, -4.73241157167048, 5.42715572700512, -13.5653060135102, -7.5086811180655,
                    -10.3086204444777, 0.191122258156367, -7.72530224406067, 7.92004851899833, 85.66047052459
                }
            };

            var testResult = testInput.Inverse();
        }

        [Test]
        public void TestInverse()
        {
            var testInput = new double[,]
            {
                {2, 1},
                {1, 2}
            };
            var testResult = testInput.Inverse();
            var expect = new[,]
            {
                {0.666666666666667, -0.333333333333333},
                {-0.333333333333333, 0.666666666666667}
            };
            Assert.IsTrue(MatrixOps.AreEqual(expect, testResult));
        }

        [Test]
        public void TestDeterminant()
        {
            var testInput = new[,]
            {
                {3D, 5D, 1D},
                {9D, 1D, 4D},
                {11D, 13D, 60D}
            };

            var testResult = MatrixExtensions.Determinant(testInput);
            Assert.AreEqual(-2350, testResult);
            testResult = MatrixExtensions.Determinant(new double[,]
            {
                {2, 1},
                {1, 2}
            });
            Assert.AreEqual(3, testResult);

            testInput = new double[,]
            {
                {2, 1, 13, 4},
                {4, 5, 14, 7},
                {7, 12, 9, 10},
                {11, 8, 3, 6},
            };

            testResult = MatrixExtensions.Determinant(testInput);
            Assert.AreEqual(-182D, testResult);

            testInput = new double[,]
            {
                {-0.39235803, 0.67691051, -0.60700301, 0.95378656},
                {-0.58099354, 0.85133302, 0.88056285, -1.96372078},
                {0.83324444, -0.08229884, -2.07132530, 0.51832857},
                {-0.52886612, 2.94227701, 0.14623240, 0.70104920}
            };

            testResult = MatrixExtensions.Determinant(testInput);
            Assert.IsTrue(System.Math.Abs(6.579618 - testResult) < 0.000001);

        }

        [Test]
        public void TestExtensionMethods()
        {
            var aSqrMatrix = new[,]
            {
                {0D, 1D},
                {4D, 5D},
                {8D, 9D}
            };

            var numOfRows = aSqrMatrix.CountOfRows();
            var numOfColumns = aSqrMatrix.CountOfColumns();

            Assert.AreEqual(3, numOfRows);
            Assert.AreEqual(2, numOfColumns);

        }

        [Test]
        public void TestGetaAllOnesMatrix()
        {
            var testResult = MatrixOps.GetAllOnesMatrix(2, 1);
            var numOfRows = testResult.GetLongLength(0);
            var numOfColumns = testResult.GetLongLength(1);

            Assert.AreEqual(2, numOfRows);
            Assert.AreEqual(1, numOfColumns);

            Assert.AreEqual(1D, testResult[0, 0]);
            Assert.AreEqual(1D, testResult[1, 0]);

        }

        [Test]
        public void TestMatrixProduct()
        {
            var col = new double[,] { { 1 }, { 1 } };
            var row = new double[,] { { 1, 1 } };
            var testResult = MatrixOps.Product(col, row);

            var lenTop = testResult.GetLongLength(0);
            var lenBottom = testResult.GetLongLength(1);

            Console.WriteLine("{0}X{1}", lenTop, lenBottom);

            Assert.AreEqual(1D, testResult[0, 0]);
            Assert.AreEqual(1D, testResult[0, 1]);
            Assert.AreEqual(1D, testResult[1, 0]);
            Assert.AreEqual(1D, testResult[1, 1]);

            var matrixOfOnes = new[,]
            {
                {1D, 1D},
                {1D, 1D}
            };

            var typicalMatrix = new[,]
            {
                {3D, 5D, 1D},
                {9D, 1D, 4D}
            };

            testResult = MatrixOps.Product(matrixOfOnes, typicalMatrix);
            Assert.AreEqual(12D, testResult[0, 0]);
            Assert.AreEqual(6D, testResult[0, 1]);
            Assert.AreEqual(5D, testResult[0, 2]);

            Assert.AreEqual(12D, testResult[1, 0]);
            Assert.AreEqual(6D, testResult[1, 1]);
            Assert.AreEqual(5D, testResult[1, 2]);
        }

        [Test]
        public void TestDotProduct()
        {
            var myX = new double[,] { { 1, 3, 0 }, { 2, 5, 1 }, { 1, 3, 0 } };
            var myY = new double[,] { { 4, 5, 6 }, { 7, 4, 1 }, { 9, 6, 3 } };

            var testResult = myX.DotProduct(myY);
            Console.WriteLine(testResult.Print());
        }

        [Test]
        public void TestStdByColumn()
        {
            var myX = new double[,] { { 1, 3, 0 }, { 2, 5, 1 }, { 1, 3, 0 } };
            var testREsult = myX.StdByColumn();
            Console.WriteLine(testREsult.ToMatrix().Print());
            Assert.IsNotNull(testREsult);
            Assert.AreEqual(3, testREsult.Length);

            Assert.IsTrue(System.Math.Abs(1.4142135623731D - testREsult[0]) < 0.0001);
            Assert.IsTrue(System.Math.Abs(3.78593889720018D - testREsult[1]) < 0.0001);
            Assert.IsTrue(System.Math.Abs(0.577350269189626D - testREsult[2]) < 0.0001);
        }

        [Test]
        public void TestScale()
        {
            var testInput = new double[,] { { 1, 3, 0 }, { 2, 5, 1 }, { 1, 3, 0 } };
            testInput.Scale();
            Assert.IsNotNull(testInput);
            Console.WriteLine(testInput.Print());
            var expected = new double[,]
            {
                {-0.7071067811865474, -0.7071067811865474, -0.7071067811865475},
                {1.4142135623730951, 1.4142135623730951, 1.4142135623730951},
                {-0.7071067811865474, -0.7071067811865474, -0.7071067811865475}
            };

            for (var i = 0; i < testInput.CountOfRows(); i++)
            {
                for (var j = 0; j < testInput.CountOfColumns(); j++)
                {
                    var y = testInput[i, j];
                    var t = expected[i, j];
                    Assert.IsTrue(System.Math.Abs(y - t) < 0.000001);

                }
            }
        }

        [Test]
        public void TestSingularValueDecomp()
        {
            var myX = new double[,] { { 1, 3, 0 }, { 2, 5, 1 }, { 1, 3, 0 } };
            var testResult = myX.SingularValueDecomp();
            Assert.IsNotNull(testResult);
            var expectedU = new[,]
            {
                {-0.4462018207622415, 0.5485471129706733, -0.7071067811865476},
                {-0.7757627667637326, -0.6310246664775307, -8.956860613409269e-17},
                {-0.44620182076224163, 0.5485471129706733, 0.7071067811865472}
            };
            var expectedS = new[] { 7.039606403458741, 0.6662894899235996, 0D }.Diag();

            var expectedV = new[,]
            {
                {-0.3471684402484749, -0.24757272853370346, -0.904534033733291},
                {-0.9313055848081169, 0.20435463487799882, 0.30151134457776385},
                {-0.11019973593730749, -0.9470728204791102, 0.3015113445777633}
            };

            Assert.IsTrue(MatrixOps.AreEqual(expectedU, testResult.U));
            Assert.IsTrue(MatrixOps.AreEqual(expectedS, testResult.D.Diag()));
            Assert.IsTrue(MatrixOps.AreEqual(expectedV, testResult.V));

            Console.WriteLine(testResult.U.Print());
            Console.WriteLine(testResult.D.ToMatrix().Print());
            Console.WriteLine(testResult.V.Print());
        }

        [Test]
        public void TestMatrixTranspose()
        {
            var testInput = new[,]
            {
                {1D},
                {1D}
            };

            var testResult = testInput.Transpose();

            //one row, two columns
            Assert.AreEqual(1D, testResult[0, 0]);
            Assert.AreEqual(1D, testResult[0, 1]);
        }

        [Test]
        public void TestMatrixDeviation()
        {
            var typicalMatrix = new[,]
            {
                {3D, 5D, 1D},
                {9D, 1D, 4D}
            };

            var testResult = typicalMatrix.Deviation();
            Assert.AreEqual(-3D, testResult[0, 0]);
            Assert.AreEqual(2D, testResult[0, 1]);
            Assert.AreEqual(-1.5D, testResult[0, 2]);

            Assert.AreEqual(3D, testResult[1, 0]);
            Assert.AreEqual(-2D, testResult[1, 1]);
            Assert.AreEqual(1.5D, testResult[1, 2]);

            Console.WriteLine(testResult.Print());

        }

        [Test]
        public void TestMatrixPrint()
        {
            var testInput = new[,]
            {
                {90D, 60D, 90D},
                {90D, 90D, 30D},
                {60D, 60D, 60D},
                {60D, 60D, 90D},
                {30D, 30D, 30D}
            };

            Console.WriteLine(testInput.Print());

        }

        [Test]
        public void TestMatrixCovariance()
        {
            var testInput = new[,]
            {
                {90D, 60D, 90D},
                {90D, 90D, 30D},
                {60D, 60D, 60D},
                {60D, 60D, 90D},
                {30D, 30D, 30D}
            };

            var testResult = testInput.Covariance();

            Assert.AreEqual(504D, testResult[0, 0]);
            Assert.AreEqual(360D, testResult[0, 1]);
            Assert.AreEqual(180D, testResult[0, 2]);

            Assert.AreEqual(360D, testResult[1, 0]);
            Assert.AreEqual(360D, testResult[1, 1]);
            Assert.AreEqual(0, testResult[1, 2]);

            Assert.AreEqual(180D, testResult[2, 0]);
            Assert.AreEqual(0D, testResult[2, 1]);
            Assert.AreEqual(720D, testResult[2, 2]);
        }

        [Test]
        public void TestGetSoftmax()
        {
            var testInput = new[,]
            {
                { 1.0, 2.0, 3.0, 4.0, 1.0, 2.0, 3.0 },
                { 6.0, 2.0, 1.0, 4.0, 1.0, 3.0, 1.0 }
            };
            var testResult = testInput.GetSoftmax();

            Console.WriteLine(testResult.Print());
            var sumAt = System.Math.Round(testResult.GetRow(0).Sum());
            Assert.AreEqual(1.0D, sumAt);
            sumAt = System.Math.Round(testResult.GetRow(1).Sum());
            Assert.AreEqual(1.0D, sumAt);

        }

        [Test]
        public void TestSwapRow()
        {
            var testInput = MatrixOps.RandomMatrix(5, 5);
            var testRowA = testInput.GetRow(2);
            var testRowB = testInput.GetRow(4);

            testInput.SwapRow(2,4);

            var testResultA = testInput.GetRow(2);
            var testResultB = testInput.GetRow(4);

            for (var i = 0; i < testRowA.Length; i++)
            {
                Assert.AreEqual(testRowA[i], testResultB[i]);
                Assert.AreEqual(testRowB[i], testResultA[i]);
            }
        }

        [Test]
        public void TestSwapColumn()
        {
            var testInput = MatrixOps.RandomMatrix(5, 5);
            var testRowA = testInput.GetColumn(2);
            var testRowB = testInput.GetColumn(4);

            testInput.SwapColumn(2, 4);

            var testResultA = testInput.GetColumn(2);
            var testResultB = testInput.GetColumn(4);

            for (var i = 0; i < testRowA.Length; i++)
            {
                Assert.AreEqual(testRowA[i], testResultB[i]);
                Assert.AreEqual(testRowB[i], testResultA[i]);
            }
        }

        [Test]
        public void TestApplyAtRow()
        {
            var testInput = new double[,] { { 1, -1, 0 }, { -1, 6, -2 }, { 0, -2, 3 } };
            var toAdd = new double[] { 4, 1, 2 };

            testInput.ApplyAtRow(toAdd, 1, (d, d1) => d + d1);
            Console.WriteLine(testInput.Print());
            Assert.AreEqual(3D, testInput[1, 0]);
            Assert.AreEqual(7D, testInput[1, 1]);
            Assert.AreEqual(0D, testInput[1, 2]);
        }

        [Test]
        public void TestApplyAtColumn()
        {
            var testInput = new double[,] { { 1, -1, 0 }, { -1, 6, -2 }, { 0, -2, 3 } };
            var toAdd = new double[] { 4, 1, 2 };

            testInput.ApplyAtColumn(toAdd, 1, (d, d1) => d + d1);
            Console.WriteLine(testInput.Print());
            Assert.AreEqual(3D, testInput[0, 1]);
            Assert.AreEqual(7D, testInput[1, 1]);
            Assert.AreEqual(0D, testInput[2, 1]);
        }

        [Test]
        public void TestSelectRow()
        {
            var testInput = new double[,] { { 1, -1, 0 }, { -1, 6, -2 }, { 0, -2, 3 } };

            var testResult = testInput.GetRow(1);
            Assert.IsNotNull(testResult);
            Assert.AreEqual(3, testResult.Length);
            Assert.AreEqual(testInput[1, 0], testResult[0]);
            Assert.AreEqual(testInput[1, 1], testResult[1]);
            Assert.AreEqual(testInput[1, 2], testResult[2]);
        }

        [Test]
        public void TestFlatten()
        {
            var testInput = new double[,] { { 1, -1, 8 }, { -7, 6, -2 }, { 0, -4, 5 } };
            var testResult = testInput.Flatten();
            Assert.AreEqual(9, testResult.Length);
            Console.WriteLine(string.Join(",", testResult));
            Assert.AreEqual(testInput[0, 0], testResult[0]);
            Assert.AreEqual(testInput[1, 0], testResult[3]);
            Assert.AreEqual(testInput[2, 0], testResult[6]);
        }

        [Test]
        public void TestToMatrix()
        {
            var testInput = new double[] { 1, -1, 8, -7, 6, -2, 0, -4, 5 };
            var testResult = testInput.ToMatrix(3);

            Assert.AreEqual(1, testResult[0, 0]);
            Assert.AreEqual(-1, testResult[0, 1]);
            Assert.AreEqual(8, testResult[0, 2]);
            Assert.AreEqual(-7, testResult[1, 0]);
            Assert.AreEqual(6, testResult[1, 1]);
            Assert.AreEqual(-2, testResult[1, 2]);
            Assert.AreEqual(0, testResult[2, 0]);
            Assert.AreEqual(-4, testResult[2, 1]);
            Assert.AreEqual(5, testResult[2, 2]);

            Console.WriteLine(testResult.Print());

            testInput = new double[] { 1, -1, 8, -7, 6, -2, 0, -4, 5, 999 };
            testResult = testInput.ToMatrix(3, true);
            Assert.AreEqual(1, testResult[0, 0]);
            Assert.AreEqual(-1, testResult[0, 1]);
            Assert.AreEqual(8, testResult[0, 2]);
            Assert.AreEqual(-7, testResult[1, 0]);
            Assert.AreEqual(6, testResult[1, 1]);
            Assert.AreEqual(-2, testResult[1, 2]);
            Assert.AreEqual(0, testResult[2, 0]);
            Assert.AreEqual(-4, testResult[2, 1]);
            Assert.AreEqual(5, testResult[2, 2]);

            testInput = new double[] { 1, -1, 8, -7, 6, -2, 0, -4, 5 };
            testResult = testInput.ToMatrix(1);
            Assert.AreEqual(1, testResult[0, 0]);
            Assert.AreEqual(-7, testResult[0, 3]);
            Assert.AreEqual(5, testResult[0, 8]);
        }

        [Test]
        public void TestSelectColumn()
        {
            var testInput = new double[,] { { 1, -1, 0 }, { -1, 6, -2 }, { 0, -2, 3 } };
            var testResult = testInput.GetColumn(1);
            Assert.IsNotNull(testResult);
            Assert.AreEqual(3, testResult.Length);
            Assert.AreEqual(testInput[0, 1], testResult[0]);
            Assert.AreEqual(testInput[1, 1], testResult[1]);
            Assert.AreEqual(testInput[2, 1], testResult[2]);
        }

        [Test]
        public void TestCollapseTop2Bottom()
        {
            var testInput = new double[,] {
                {0, 0, 0, 0.5, 0, 0, 0, 0},
                {0, 0, 0, 0, 0, 0.5, 0, 0}
            };
            var testResult = testInput.CollapseTop2Bottom(doubles => doubles.Sum());
            Assert.IsNotNull(testResult);
            Assert.AreEqual(testInput.GetLength(1), testResult.Length);
            Assert.AreEqual(0.5, testResult[3]);
            Console.WriteLine(testResult.ToMatrix(1).Print());
        }

        [Test]
        public void TestCollapseLeft2Right()
        {
            var testInput = new double[,] {
                {0, 0, 0, 0.5, 0, 0, 0, 0},
                {0, 0, 0, 0, 0, 0.5, 0, 0}
            };
            var testResult = testInput.CollapseLeft2Right(doubles => doubles.Sum());
            Assert.IsNotNull(testResult);
            Assert.AreEqual(testInput.GetLength(0), testResult.Length);
            Console.WriteLine(testResult.ToMatrix(1).Print());
        }

        [Test]
        public void TestMean()
        {
            var testInput = new double[,]
            {
                { 1, 3, 0 },
                { 2, 5, 1 },
                { 1, 3, 0 }
            };

            var testResult = testInput.MeanByColumn();
            Assert.IsNotNull(testResult);
            Assert.AreEqual(3, testResult.Length);

            Assert.AreEqual(System.Math.Round(1.333D, 3), System.Math.Round(testResult[0], 3));
            Assert.IsTrue(System.Math.Abs(3.665 - testResult[1]) < 0.01);

            Assert.AreEqual(System.Math.Round(0.333, 3), System.Math.Round(testResult[2], 3));
            Console.WriteLine(testResult.ToMatrix(1).Print());
        }

        [Test]
        public void TestSVD()
        {
            var testInput = MatrixOps.RandomMatrix(5, 3);
            var USV = testInput.SingularValueDecomp();
            var U = USV.U;
            var S = USV.D.Diag();
            var V = USV.V;

            var pcXV = testInput.DotProduct(V);
            var pcUdS = U.DotProduct(S);

            Assert.IsTrue(MatrixOps.AreEqual(pcXV, pcUdS));

        }

        [Test]
        public void TestGetTriangle()
        {
            var testInput = new[,]
            {
                {1D, 2D, 3D, 4D, 5D},
                {2D, 4D, 6D, 8D, 10D},
                {3D, 6D, 9D, 12D, 15D},
                {4D, 8D, 12D, 16D, 20D},
                {5D, 10D, 15D, 20D, 25D}
            };

            var testResult = testInput.GetTriangle();

            var expected = new double[,]
            {
                {1, 2, 3, 4, 5},
                {0, 4, 6, 8, 10},
                {0, 0, 9, 12, 15},
                {0, 0, 0, 16, 20},
                {0, 0, 0, 0, 25}
            };

            Assert.IsTrue(MatrixOps.AreEqual(expected, testResult));

            testInput = new double[,]
            {
                {3, 6, 9, 12, 15},
                {4, 8, 12, 16, 20},
                {5, 10, 15, 20, 25}
            };
            testResult = testInput.GetTriangle();
            expected = new double[,]
            {
                {3, 6, 9, 12, 15},
                {0, 8, 12, 16, 20},
                {0, 0, 15, 20, 25}
            };

            Assert.IsTrue(MatrixOps.AreEqual(expected, testResult));

            testInput = new double[,]
            {
                {1, 2, 3},
                {2, 4, 6 },
                {3, 6, 9},
                {4, 8, 12},
                {5, 10, 15}
            };
            testResult = testInput.GetTriangle();
            expected = new double[,]
            {
                {1,2,3},
                {0,4,6},
                {0,0,9},
                {0,0,0},
                {0,0,0}
            };
            Assert.IsTrue(MatrixOps.AreEqual(expected, testResult));
        }

        [Test]
        public void TestCockeKasamiYounger()
        {
            var testInput = new double[,]
            {
                { 1, 3, 3 },
                { 2, 5, 1 },
                { 1, 3, 4 }
            };
            //average
            Func<double, double, double, double> myExpr = (left, below, cur) => (left + below + cur) / 3; 
            var testResult = testInput.CockeKasamiYounger(myExpr);

            var expected = new double[,]
            {
                {1, 3, 3.14814814814815},
                {0, 5, 3.33333333333333},
                {0, 0, 4}
            };

            Assert.IsTrue(MatrixOps.AreEqual(expected, testResult));
        }

        [Test]
        public void TestCrossProduct()
        {
            var testInput = new double[,]
            {
                {1, 0},
                {1, 1},
                {0, 1}
            };
            var testResult = testInput.CrossProduct();

            var expected = new double[,]
            {
                {2, 1},
                {1, 2}
            };
            Assert.IsTrue(MatrixOps.AreEqual(expected,testResult));
        }

        [Test]
        public void TestProjectionMatrix()
        {
            var A = new double[,] { { 1, 0 }, { 1, 1 }, { 0, 1 } };
            var P = A.ProjectionMatrix();
            var expect = new[,]
            {
                {0.666666666666667, 0.333333333333333, -0.333333333333333},
                {0.333333333333333, 0.666666666666667, 0.333333333333333},
                {-0.333333333333333, 0.333333333333333, 0.666666666666667}
            };
            Assert.IsTrue(MatrixOps.AreEqual(expect, P));

        }

        [Test]
        public void TestGaussElimination()
        {
            var testInput = new double[,]
            {
                {1,2,3 },
                { 4,5,6 },
                { 1,0,1}
            };
            var x = new double[] {1,1,1};
            var testResult = MatrixExtensions.GaussElimination(testInput, x);
            Assert.IsNotNull(testResult);
            Assert.AreEqual(0, testResult[0]);
            Assert.AreEqual(-1, testResult[1]);
            Assert.AreEqual(1, testResult[2]);


            testInput = new double[,]
            {
                {2,1,-1 },
                { -3,-1,2 },
                { -2,1,2}
            };
            x = new double[] {8, -11, -3};
            testResult = MatrixExtensions.GaussElimination(testInput, x);
            Assert.IsNotNull(testResult);
            Assert.AreEqual(2, testResult[0]);
            Assert.AreEqual(3, System.Math.Round(testResult[1]));
            Assert.AreEqual(-1, System.Math.Round(testResult[2]));

            testInput = new double[,]
            {
                {0,3,-6,6,4},
                {3,-7,8,-5,8},
                {3,-9,12,-9,6}
            };
            x = new double[] { -5,9,15};
            testResult = MatrixExtensions.GaussElimination(testInput, x);
            Console.WriteLine(testResult.Print());

        }

        [Test]
        public void TestReducedRowEchelonForm()
        {
            var testInput = new double[,]
            {
                {1, 2, -1, -4},
                {2, 3, -1, -11},
                {-2, 0, -3, 22}
            };
            var testResult = testInput.ReducedRowEchelonForm();
            Assert.IsNotNull(testInput);

            var expect = new double[,]
            {
                {1, 0, 0, -8},
                {0, 1, 0, 1},
                {0, 0, 1, -2}
            };
            Assert.IsTrue(MatrixOps.AreEqual(expect,testResult));

            testInput = new double[,]
            {
                {0,3,-6,6,4,-5},
                {3,-7,8,-5,8,9},
                {3,-9,12,-9,6,15}
            };
            testResult = testInput.ReducedRowEchelonForm();
            expect = new double[,]
            {
                {1, 0, -2, 3, 0, -24},
                {0, 1, -2, 2, 0, -7},
                {0, 0, 0, 0, 1, 4}
            };
            Assert.IsTrue(MatrixOps.AreEqual(expect, testResult));

            testInput = new double[,]
            {
                {10, 8, 3, 1},
                {8, 8, 2, 2}
            };
            testResult = testInput.ReducedRowEchelonForm();
            expect = new double[,]
            {
                {1, 0, 0.5, -0.5},
                {0, 1, -0.25, 0.75}
            };
            Assert.IsTrue(MatrixOps.AreEqual(expect, testResult));

        }

        [Test]
        public void TestAppendColumn()
        {
            var testInput = new double[,]
            {
                {1,2,3 },
                { 4,5,6 },
                { 1,0,1}
            };

            var testInput2 = new double[,] {{-1, -2, -3}};
            var testResult = testInput.AppendColumns(testInput2.Transpose());
            
            Assert.IsNotNull(testResult);
            Assert.AreEqual(3, testResult.CountOfRows());
            Assert.AreEqual(4, testResult.CountOfColumns());

            Assert.AreEqual(-1, testResult[0,3]);
            Assert.AreEqual(-2, testResult[1, 3]);
            Assert.AreEqual(-3, testResult[2, 3]);

            Console.WriteLine(testResult.Print());
        }

        [Test]
        public void TestAppendRow()
        {
            var testInput = new double[,]
            {
                {1,2,3 },
                { 4,5,6 },
                { 1,0,1}
            };
            var testInput2 = new double[,] {{ -1, -2, -3 }};
            var testResult = testInput.AppendRows(testInput2);
            Assert.IsNotNull(testResult);
            Assert.AreEqual(4, testResult.CountOfRows());
            Assert.AreEqual(3, testResult.CountOfColumns());

            Assert.AreEqual(-1, testResult[3, 0]);
            Assert.AreEqual(-2, testResult[3, 1]);
            Assert.AreEqual(-3, testResult[3, 2]);
            Console.WriteLine(testResult.Print());

        }

        [Test]
        public void TestSelectMinor()
        {
            var testInput = new double[,]
            {
                {2, 1, 13, 4},
                {4, 5, 14, 7},
                {7, 12, 9, 10},
                {11, 8, 3, 6},
            };
            var testResult = testInput.SelectMinor(0, 0);
            var expect = new double[,]
            {
                {5, 14, 7},
                {12, 9, 10},
                { 8, 3, 6},
            };

            Assert.IsTrue(MatrixOps.AreEqual(expect, testResult));

            testResult = testInput.SelectMinor(1, 1);
            expect = new double[,]
            {
                {2, 13, 4},
                {7,  9, 10},
                {11, 3, 6},
            };

            Assert.IsTrue(MatrixOps.AreEqual(expect, testResult));

            testResult = testInput.SelectMinor(2, 2);
            expect = new double[,]
            {
                {2, 1,  4},
                {4, 5,  7},
                {11, 8, 6},
            };
            Assert.IsTrue(MatrixOps.AreEqual(expect, testResult));

            testResult = testInput.SelectMinor(3, 3);
            expect = new double[,]
            {
                {2, 1, 13},
                {4, 5, 14},
                {7, 12, 9},
            };
            Assert.IsTrue(MatrixOps.AreEqual(expect, testResult));

            testResult = testInput.SelectMinor(0, 1);
            expect = new double[,]
            {
                {4, 14, 7},
                {7,  9, 10},
                {11, 3, 6},
            };
            Assert.IsTrue(MatrixOps.AreEqual(expect, testResult));

            testResult = testInput.SelectMinor(0, 2);
            expect = new double[,]
            {
                {4, 5, 7},
                {7, 12,10},
                {11, 8,6},
            };
            Assert.IsTrue(MatrixOps.AreEqual(expect, testResult));

            testResult = testInput.SelectMinor(0, 3);
            expect = new double[,]
            {
                {4, 5, 14},
                {7, 12, 9},
                {11, 8, 3},
            };
            Assert.IsTrue(MatrixOps.AreEqual(expect, testResult));

        }

        [Test]
        public void TestSetRow()
        {
            var testInput = MatrixOps.RandomMatrix(5, 5);
            var testRow = MatrixOps.RandomMatrix(1, 5).Flatten();
            var testResult = testInput.SetRow(2, testRow);
            for (var i = 0; i < testInput.CountOfColumns(); i++)
            {
                Assert.AreEqual(testRow[i], testResult[2,i]);
            }
        }

        [Test]
        public void TestSetColumn()
        {
            var testInput = MatrixOps.RandomMatrix(5, 5);
            var testRow = MatrixOps.RandomMatrix(1, 5).Flatten();
            var testResult = testInput.SetColumn(2, testRow);
            for (var i = 0; i < testInput.CountOfRows(); i++)
            {
                Assert.AreEqual(testRow[i], testResult[i, 2]);
            }
        }

        [Test]
        public void TestShuffleRows()
        {
            var testInput = MatrixOps.RandomMatrix(5, 5);
            var testCtrl = testInput.Copy();
            var testResult = testInput.ShuffleRows();
            for (var i = 0; i < testCtrl.CountOfRows(); i++)
            {
                var testRow = testCtrl.GetRow(i).ToMatrix();
                var testRowResult = false;
                for (var ii = 0; ii < testResult.CountOfRows(); ii++)
                {
                    if (MatrixOps.AreEqual(testRow, testResult.GetRow(ii).ToMatrix()))
                    {
                        testRowResult = true;
                        break;
                    }
                }
                Assert.IsTrue(testRowResult);
            }
        }

        [Test]
        public void TestCompareWithR()
        {
            var y = new double[]
            {
                12.2907482,
                5.8603667,
                -19.7939854,
                43.1083833,
                -4.7916893,
                -13.0534864,
                -1.0612133,
                9.6189661,
                -4.2745122,
                20.9054674,
                -4.1512258,
                -7.2470508,
